bitrate (kbps), buffer level (secs), throughput (Mbps), segment download time (ms), segment size (bytes) 
1628, 0.663, 1.720107111111111, 0, 235679
1628, 614.46, 1.720107111111111, 0, 235679
1628, 606.475, 1.720107111111111, 0, 235679
1628, 598.248, 1.720107111111111, 0, 235679
1628, 590.279, 1.720107111111111, 0, 235679
1628, 582.297, 1.720107111111111, 0, 235679
1628, 574.318, 1.720107111111111, 0, 235679
1628, 566.331, 1.720107111111111, 0, 235679
1628, 558.355, 1.720107111111111, 0, 235679
1628, 550.387, 1.720107111111111, 0, 235679
1628, 542.406, 1.720107111111111, 0, 235679
1628, 534.379, 1.720107111111111, 0, 235679
1628, 526.414, 1.720107111111111, 0, 235679
1628, 518.453, 1.720107111111111, 0, 235679
1628, 510.479, 1.720107111111111, 0, 235679
1628, 502.251, 1.720107111111111, 0, 235679
1628, 494.281, 1.720107111111111, 0, 235679
1628, 486.292, 1.720107111111111, 0, 235679
1628, 478.299, 1.720107111111111, 0, 235679
1628, 472.552, 1.720107111111111, 0, 235679
1628, 472.552, 1.720107111111111, 0, 235679
1628, 472.552, 1.720107111111111, 0, 235679
1628, 472.552, 1.720107111111111, 0, 235679
1628, 472.552, 1.720107111111111, 0, 235679
1628, 472.552, 1.720107111111111, 0, 235679
1628, 472.552, 1.720107111111111, 0, 235679
1628, 472.552, 1.720107111111111, 0, 235679
1628, 472.552, 1.720107111111111, 0, 235679
1628, 472.552, 1.720107111111111, 0, 235679
1628, 472.552, 1.720107111111111, 0, 235679
1628, 472.552, 1.720107111111111, 0, 235679
1628, 472.552, 1.720107111111111, 0, 235679
1628, 472.552, 1.720107111111111, 0, 235679
1628, 470.796, 1.720107111111111, 0, 235679
1628, 462.816, 1.720107111111111, 0, 235679
1628, 454.591, 1.720107111111111, 0, 235679
1628, 446.61, 1.720107111111111, 0, 235679
1628, 438.599, 1.720107111111111, 0, 235679
1628, 430.614, 1.720107111111111, 0, 235679
1628, 422.653, 1.720107111111111, 0, 235679
1628, 414.677, 1.720107111111111, 0, 235679
1628, 406.712, 1.720107111111111, 0, 235679
1628, 398.735, 1.720107111111111, 0, 235679
1628, 390.764, 1.720107111111111, 0, 235679
1628, 382.789, 1.720107111111111, 0, 235679
1628, 374.813, 1.720107111111111, 0, 235679
1628, 366.856, 1.720107111111111, 0, 235679
1628, 358.615, 1.720107111111111, 0, 235679
1628, 350.642, 1.720107111111111, 0, 235679
1628, 342.673, 1.720107111111111, 0, 235679
1628, 334.71, 1.720107111111111, 0, 235679
1628, 333.014, 1.720107111111111, 0, 235679
1628, 333.014, 1.720107111111111, 0, 235679
1628, 333.014, 1.720107111111111, 0, 235679
1628, 333.014, 1.720107111111111, 0, 235679
1628, 333.014, 1.720107111111111, 0, 235679
1628, 333.014, 1.720107111111111, 0, 235679
1628, 333.014, 1.720107111111111, 0, 235679
1628, 333.014, 1.720107111111111, 0, 235679
1628, 333.014, 1.720107111111111, 0, 235679
1628, 333.014, 1.720107111111111, 0, 235679
1628, 333.014, 1.720107111111111, 0, 235679
1628, 333.014, 1.720107111111111, 0, 235679
1628, 333.014, 1.720107111111111, 0, 235679
1628, 333.014, 1.720107111111111, 0, 235679
1628, 333.014, 1.720107111111111, 0, 235679
1628, 333.014, 1.720107111111111, 0, 235679
1628, 333.014, 1.720107111111111, 0, 235679
1628, 333.014, 1.720107111111111, 0, 235679
1628, 333.014, 1.720107111111111, 0, 235679
1628, 333.014, 1.720107111111111, 0, 235679
1628, 333.014, 1.720107111111111, 0, 235679
1628, 333.014, 1.720107111111111, 0, 235679
1628, 333.014, 1.720107111111111, 0, 235679
1628, 333.014, 1.720107111111111, 0, 235679
1628, 333.014, 1.720107111111111, 0, 235679
1628, 333.014, 1.720107111111111, 0, 235679
1628, 333.014, 1.720107111111111, 0, 235679
1628, 333.014, 1.720107111111111, 0, 235679
1628, 333.014, 1.720107111111111, 0, 235679
1628, 333.014, 1.720107111111111, 0, 235679
1628, 333.014, 1.720107111111111, 0, 235679
1628, 333.014, 1.720107111111111, 0, 235679
1628, 333.014, 1.720107111111111, 0, 235679
1628, 325.706, 1.720107111111111, 0, 235679
1628, 317.735, 1.720107111111111, 0, 235679
1628, 309.759, 1.720107111111111, 0, 235679
1628, 301.772, 1.720107111111111, 0, 235679
1628, 293.801, 1.720107111111111, 0, 235679
1628, 285.812, 1.720107111111111, 0, 235679
1628, 277.581, 1.720107111111111, 0, 235679
1628, 269.616, 1.720107111111111, 0, 235679
1628, 261.652, 1.720107111111111, 0, 235679
1628, 253.683, 1.720107111111111, 0, 235679
1628, 245.7, 1.720107111111111, 0, 235679
1628, 237.736, 1.720107111111111, 0, 235679
1628, 229.768, 1.720107111111111, 0, 235679
1628, 221.807, 1.720107111111111, 0, 235679
1628, 213.561, 1.720107111111111, 0, 235679
1628, 205.584, 1.720107111111111, 0, 235679
1628, 197.613, 1.720107111111111, 0, 235679
1628, 189.651, 1.720107111111111, 0, 235679
1628, 181.683, 1.720107111111111, 0, 235679
1628, 173.707, 1.720107111111111, 0, 235679
1628, 165.744, 1.720107111111111, 0, 235679
1628, 157.756, 1.720107111111111, 0, 235679
1628, 149.787, 1.720107111111111, 0, 235679
1628, 141.815, 1.720107111111111, 0, 235679
1628, 133.575, 1.720107111111111, 0, 235679
1628, 125.608, 1.720107111111111, 0, 235679
1628, 117.649, 1.720107111111111, 0, 235679
1628, 109.673, 1.720107111111111, 0, 235679
1628, 101.683, 1.720107111111111, 0, 235679
1628, 93.712, 1.720107111111111, 0, 235679
1628, 85.744, 1.720107111111111, 0, 235679
1628, 77.747, 1.720107111111111, 0, 235679
1628, 69.787, 1.720107111111111, 0, 235679
1628, 61.824, 1.720107111111111, 0, 235679
1628, 53.582, 1.720107111111111, 0, 235679
1628, 45.608, 1.720107111111111, 0, 235679
1628, 37.645, 1.720107111111111, 0, 235679
1628, 29.67, 1.720107111111111, 0, 235679
1628, 21.708, 1.720107111111111, 0, 235679
1628, 13.739, 1.720107111111111, 0, 235679
1628, 5.777, 1.720107111111111, 0, 235679
